Overall Metrics:
Accuracy: 0.8442105263157894
Precision: 0.6788503404536169
Recall: 0.6754397294964759
F1 Score: 0.6584779357310405

Metrics_LABEL
Accuracy [0.93368421 0.84421053 0.9        0.87052632 0.77368421 0.82       0.76736842]
Precision [0.80820304 0.79128006 0.63708791 0.61226592 0.5864606  0.68777778 0.62887707]
Recall [0.92323529 0.77146739 0.56934312 0.56991335 0.6154452  0.56230415 0.71636961]
F1 Score [0.85239534 0.78043463 0.58709069 0.58264727 0.59501446 0.56895522 0.64280793]
Original Labels: [0, 0, 0, 0, 0, 0, 0, 1, 0, 0, 0, 0, 0, 0, 0, 0, 0, 0, 2, 0, 0, 0, 0, 0, 0, 0, 0, 1, 0, 0, 0, 0, 0, 0, 0, 0, 0, 0, 0, 0, 0, 4, 4, 0, 0, 0, 0, 0, 0, 2, 0, 0, 0, 2, 0, 0, 0, 0, 0, 0, 0, 0, 0, 0, 3, 3, 0, 0, 3, 1, 0, 0, 0, 0, 2, 0, 0, 0, 0, 1, 0, 0, 0, 0, 0, 5, 0, 0, 4, 0, 0, 0, 0, 4, 4, 0, 0, 0, 0, 0, 0, 0, 1, 0, 0, 0, 0, 0, 0, 5, 0, 1, 1, 4, 1, 1, 2, 1, 5, 1, 1, 1, 1, 1, 1, 1, 1, 1, 1, 1, 1, 1, 1, 1, 3, 6, 1, 2, 1, 1, 1, 2, 1, 1, 1, 2, 1, 1, 1, 1, 1, 1, 4, 5, 6, 1, 3, 1, 1, 1, 1, 1, 1, 1, 1, 2, 1, 1, 1, 1, 1, 1, 2, 1, 2, 5, 1, 1, 1, 1, 1, 1, 1, 1, 1, 6, 1, 1, 2, 1, 1, 4, 1, 1, 1, 1, 1, 6, 2, 1, 1, 1, 6, 1, 1, 5, 1, 2, 1, 1, 1, 1, 1, 6, 1, 2, 3, 1, 3, 3, 1, 1, 1, 1, 1, 1, 1, 1, 1, 1, 1, 1, 2, 1, 1, 1, 1, 1, 1, 1, 1, 1, 1, 1, 1, 2, 1, 1, 1, 5, 5, 1, 5, 1, 1, 1, 6, 1, 1, 1, 1, 1, 1, 1, 1, 1, 1, 1, 1, 1, 1, 1, 1, 6, 1, 1, 1, 1, 6, 1, 3, 1, 1, 6, 1, 1, 1, 1, 1, 1, 4, 4, 1, 4, 1, 4, 4, 4, 1, 1, 5, 6, 1, 1, 5, 1, 2, 1, 1, 1, 0, 1, 1, 1, 2, 1, 0, 1, 2, 5, 1, 2, 1, 1, 1, 1, 1, 1, 1, 1, 1, 5, 1, 1, 1, 1, 1, 1, 1, 2, 1, 1, 1, 1, 1, 2, 2, 3, 2, 3, 2, 2, 3, 3, 3, 2, 2, 2, 5, 6, 6, 2, 4, 4, 2, 3, 3, 3, 3, 2, 5, 2, 1, 6, 5, 5, 5, 3, 2, 5, 4, 2, 5, 6, 5, 5, 3, 3, 3, 6, 3, 1, 2, 1, 1, 1, 0, 3, 1, 2, 2, 4, 2, 2, 2, 6, 2, 2, 2, 6, 1, 2, 5, 2, 2, 2, 1, 2, 2, 5, 1, 2, 1, 1, 3, 1, 2, 3, 3, 6, 3, 3, 4, 5, 6, 3, 4, 3, 4, 3, 3, 5, 3, 5, 4, 6, 2, 2, 6, 1, 5, 5, 2, 6, 2, 2, 5, 1, 2, 6, 3, 1, 3, 2, 5, 4, 5, 5, 5, 2, 4, 6, 2, 1, 3, 3, 3, 2, 4, 6, 2, 2, 3, 1, 1, 2, 1, 2, 1, 1, 1, 2, 1, 3, 1, 1, 2, 3, 3, 3, 5, 5, 3, 3, 3, 6, 3, 4, 5, 5, 6, 3, 5, 5, 4, 6, 2, 6, 1, 4, 6, 0, 5, 6, 5, 5, 5, 3, 3, 3, 4, 1, 5, 6, 2, 3, 5, 3, 5, 3, 5, 6, 5, 3, 5, 1, 5, 5, 5, 5, 5, 1, 5, 5, 5, 6, 3, 5, 4, 3, 0, 3, 4, 5, 5, 5, 6, 1, 5, 5, 6, 2, 3, 4, 4, 1, 1, 3, 4, 6, 1, 4, 4, 4, 6, 3, 4, 6, 4, 4, 4, 3, 3, 4, 6, 4, 4, 4, 4, 4, 4, 4, 6, 4, 6, 4, 3, 4, 4, 4, 5, 1, 4, 3, 3, 4, 4, 1, 5, 5, 4, 4, 4, 6, 4, 5, 4, 1, 4, 5, 4, 4, 2, 4, 4, 1, 6, 4, 4, 3, 3, 1, 1, 4, 4, 4, 6, 6, 1, 6, 3, 4, 4, 6, 5, 3, 4, 3, 4, 3, 4, 4, 5, 2, 4, 4, 4, 4, 4, 4, 6, 4, 2, 6, 4, 4, 4, 1, 6, 4, 4, 4, 4, 4, 2, 3, 6, 1, 4, 4, 4, 4, 1, 5, 4, 4, 4, 3, 1, 5, 4, 1, 6, 4, 2, 4, 6, 5, 4, 4, 4, 3, 4, 4, 4, 1, 6, 1, 4, 3, 4, 4, 4, 6, 4, 4, 4, 3, 6, 5, 5, 5, 5, 5, 6, 5, 4, 4, 3, 5, 6, 5, 5, 6, 5, 5, 5, 5, 6, 5, 6, 5, 5, 5, 3, 5, 0, 5, 5, 6, 3, 5, 6, 3, 5, 5, 6, 5, 2, 5, 5, 5, 5, 5, 4, 2, 6, 5, 5, 5, 3, 3, 5, 5, 4, 5, 5, 5, 6, 5, 5, 3, 5, 6, 5, 6, 0, 5, 5, 5, 6, 5, 6, 5, 5, 4, 6, 5, 6, 3, 5, 5, 6, 6, 5, 6, 3, 4, 5, 5, 5, 5, 5, 5, 5, 5, 6, 5, 6, 5, 5, 6, 5, 5, 5, 5, 5, 6, 5, 6, 6, 3, 5, 5, 5, 5, 4, 6, 6, 5, 4, 6, 6, 3, 5, 5, 5, 6, 3, 6, 3, 3, 5, 3, 5, 3, 5, 5, 5, 5, 6, 6, 6, 6, 6, 5, 6, 4, 6, 5, 6, 4, 6, 5, 6, 6, 6, 6, 6, 0, 6, 1, 2, 6, 5, 2, 4, 5, 4, 4, 5, 6, 6, 3, 6, 6, 3, 6, 5, 6, 5, 6, 3, 5, 3, 2, 6, 3, 6, 6, 5, 5, 6, 4, 5, 6, 6, 6, 6, 4, 5, 5, 5, 6, 5, 6, 2, 5, 3, 3, 5, 6, 6, 6, 5, 6, 6, 6, 6, 6]
Predicted Labels: [0, 0, 0, 0, 0, 0, 0, 0, 0, 0, 0, 0, 0, 0, 0, 0, 0, 0, 0, 0, 0, 0, 1, 0, 0, 0, 0, 6, 0, 0, 0, 0, 0, 0, 0, 0, 0, 0, 0, 0, 0, 0, 0, 0, 0, 0, 0, 0, 0, 0, 0, 0, 0, 0, 0, 0, 0, 0, 0, 0, 0, 0, 0, 0, 0, 0, 0, 0, 0, 1, 0, 0, 0, 0, 0, 0, 0, 0, 0, 0, 0, 0, 0, 0, 0, 0, 0, 0, 0, 0, 0, 0, 0, 0, 0, 0, 0, 0, 0, 0, 0, 0, 0, 0, 0, 0, 0, 0, 0, 0, 0, 1, 1, 1, 1, 1, 2, 1, 1, 1, 1, 1, 0, 1, 1, 1, 1, 1, 2, 1, 1, 0, 1, 1, 6, 1, 3, 2, 1, 1, 1, 2, 1, 1, 1, 1, 1, 1, 2, 1, 2, 1, 4, 6, 1, 1, 6, 1, 1, 1, 1, 1, 1, 1, 1, 1, 1, 1, 1, 3, 1, 0, 1, 1, 1, 5, 0, 1, 0, 2, 0, 1, 2, 2, 2, 4, 3, 1, 2, 1, 4, 3, 1, 1, 1, 0, 0, 6, 0, 1, 1, 0, 3, 1, 1, 2, 1, 2, 0, 2, 1, 0, 1, 1, 0, 1, 4, 1, 1, 3, 1, 5, 1, 1, 1, 1, 1, 1, 1, 1, 1, 1, 2, 1, 1, 1, 1, 1, 1, 1, 1, 1, 1, 1, 1, 1, 1, 0, 1, 1, 1, 1, 4, 1, 1, 4, 1, 1, 1, 1, 1, 1, 1, 1, 1, 1, 1, 1, 1, 1, 1, 0, 1, 1, 0, 1, 1, 1, 6, 1, 1, 1, 1, 1, 6, 0, 0, 6, 2, 1, 6, 4, 1, 6, 2, 1, 4, 3, 1, 1, 1, 1, 1, 1, 5, 1, 2, 1, 1, 1, 1, 1, 0, 6, 1, 0, 1, 4, 1, 6, 1, 1, 2, 0, 1, 0, 1, 0, 2, 1, 6, 3, 2, 1, 1, 1, 0, 1, 1, 2, 1, 1, 1, 0, 3, 2, 1, 3, 6, 3, 6, 2, 3, 4, 1, 6, 4, 2, 4, 6, 1, 2, 6, 6, 1, 1, 6, 4, 4, 6, 5, 1, 1, 4, 6, 1, 4, 4, 4, 3, 3, 4, 4, 6, 4, 4, 3, 4, 1, 6, 4, 3, 1, 0, 3, 1, 1, 4, 0, 4, 0, 4, 0, 0, 1, 6, 6, 6, 1, 1, 1, 1, 3, 1, 5, 6, 4, 1, 4, 3, 1, 6, 1, 1, 2, 1, 6, 1, 3, 3, 3, 3, 4, 5, 4, 6, 6, 4, 6, 6, 1, 6, 3, 6, 4, 1, 1, 3, 0, 4, 4, 0, 3, 6, 6, 1, 5, 1, 6, 6, 6, 4, 3, 6, 6, 2, 6, 1, 6, 1, 6, 0, 4, 2, 6, 4, 4, 6, 4, 6, 5, 6, 4, 1, 1, 1, 0, 0, 1, 1, 1, 1, 6, 3, 6, 3, 1, 6, 6, 1, 5, 5, 4, 5, 3, 6, 6, 4, 4, 6, 4, 4, 3, 6, 1, 4, 2, 6, 3, 4, 6, 4, 6, 6, 6, 4, 6, 4, 4, 6, 6, 6, 4, 6, 4, 4, 6, 5, 5, 6, 5, 6, 6, 6, 6, 6, 6, 6, 6, 6, 6, 4, 6, 4, 6, 6, 4, 4, 6, 5, 6, 6, 3, 4, 4, 4, 6, 6, 5, 6, 6, 3, 1, 6, 4, 1, 1, 4, 6, 6, 3, 4, 4, 6, 6, 4, 6, 5, 5, 6, 5, 3, 6, 5, 4, 3, 6, 0, 4, 6, 4, 6, 6, 4, 6, 4, 4, 6, 4, 4, 6, 6, 4, 5, 6, 4, 4, 4, 4, 6, 4, 4, 5, 6, 5, 4, 1, 6, 6, 4, 4, 1, 6, 6, 6, 4, 6, 6, 4, 5, 4, 4, 6, 6, 4, 4, 4, 6, 6, 4, 2, 4, 6, 6, 6, 4, 6, 4, 6, 3, 4, 3, 6, 3, 6, 6, 2, 4, 4, 3, 6, 4, 6, 6, 6, 3, 4, 6, 4, 4, 4, 6, 4, 4, 4, 4, 6, 1, 4, 6, 6, 6, 4, 6, 3, 1, 1, 4, 4, 5, 4, 6, 6, 4, 4, 5, 4, 4, 6, 4, 6, 6, 6, 4, 6, 6, 6, 3, 5, 4, 5, 4, 4, 4, 4, 5, 4, 4, 6, 4, 5, 4, 6, 4, 6, 2, 2, 2, 1, 6, 6, 6, 6, 4, 6, 1, 6, 2, 6, 4, 4, 4, 4, 6, 3, 6, 3, 6, 4, 3, 3, 6, 6, 6, 3, 3, 6, 4, 2, 4, 5, 4, 6, 4, 4, 3, 4, 4, 6, 4, 4, 4, 4, 5, 4, 5, 6, 4, 6, 4, 4, 5, 6, 6, 6, 6, 2, 4, 6, 4, 2, 6, 4, 6, 6, 6, 6, 4, 6, 6, 6, 6, 6, 6, 5, 3, 4, 6, 3, 6, 6, 6, 5, 6, 3, 4, 6, 6, 6, 5, 4, 5, 6, 6, 6, 6, 6, 6, 6, 6, 6, 6, 4, 6, 4, 4, 4, 6, 6, 6, 4, 6, 6, 5, 5, 6, 4, 5, 4, 6, 4, 4, 6, 3, 6, 4, 5, 6, 5, 0, 6, 6, 6, 6, 6, 3, 6, 6, 4, 6, 4, 6, 6, 4, 6, 6, 4, 6, 6, 3, 6, 4, 4, 6, 6, 6, 6, 4, 4, 4, 1, 4, 6, 4, 4, 6, 6, 6, 5, 6, 6, 6, 4, 6, 4, 6, 5, 3, 6, 4, 5, 6, 4, 6, 4, 6, 6, 6, 6, 6, 4, 5, 5, 4, 3, 4, 6, 5, 2, 3, 5, 6, 6, 4, 6, 6, 6, 6, 6, 6]